99 -2997   24.91  311.01  116.48
99 -2994   24.93  310.95  116.30
99 -2991   24.94  310.89  116.12
99 -2988   24.96  310.83  115.94
99 -2985   24.97  310.77  115.76
99 -2982   24.98  310.71  115.58
99 -2979   25.00  310.65  115.40
99 -2976   25.01  310.59  115.22
99 -2973   25.03  310.53  115.04
99 -2970   25.04  310.47  114.86
99 -2967   25.05  310.41  114.68
99 -2964   25.07  310.35  114.49
99 -2961   25.08  310.29  114.31
99 -2958   25.10  310.22  114.13
99 -2955   25.11  310.16  113.95
99 -2952   25.12  310.10  113.77
99 -2949   25.14  310.03  113.59
99 -2946   25.15  309.97  113.40
99 -2943   25.17  309.91  113.22
99 -2940   25.18  309.84  113.04
99 -2937   25.19  309.78  112.86
99 -2934   25.21  309.71  112.67
99 -2931   25.22  309.65  112.49
99 -2928   25.23  309.58  112.31
99 -2925   25.25  309.51  112.13
99 -2922   25.26  309.45  111.94
99 -2919   25.28  309.38  111.76
99 -2916   25.29  309.31  111.58
99 -2913   25.30  309.25  111.39
99 -2910   25.32  309.18  111.21
99 -2907   25.33  309.11  111.03
99 -2904   25.34  309.04  110.84
99 -2901   25.36  308.97  110.66
99 -2898   25.37  308.90  110.47
99 -2895   25.38  308.83  110.29
99 -2892   25.40  308.76  110.10
99 -2889   25.41  308.69  109.92
99 -2886   25.42  308.62  109.74
99 -2883   25.44  308.55  109.55
99 -2880   25.45  308.48  109.37
99 -2877   25.46  308.41  109.18
99 -2874   25.48  308.34  109.00
99 -2871   25.49  308.27  108.81
99 -2868   25.50  308.19  108.63
99 -2865   25.52  308.12  108.44
99 -2862   25.53  308.05  108.25
99 -2859   25.54  307.97  108.07
99 -2856   25.56  307.90  107.88
99 -2853   25.57  307.83  107.70
99 -2850   25.58  307.75  107.51
99 -2847   25.60  307.68  107.32
99 -2844   25.61  307.60  107.14
99 -2841   25.62  307.53  106.95
99 -2838   25.64  307.45  106.76
99 -2835   25.65  307.38  106.58
99 -2832   25.66  307.30  106.39
99 -2829   25.67  307.22  106.20
99 -2826   25.69  307.15  106.02
99 -2823   25.70  307.07  105.83
99 -2820   25.71  306.99  105.64
99 -2817   25.73  306.91  105.45
99 -2814   25.74  306.83  105.27
99 -2811   25.75  306.76  105.08
99 -2808   25.77  306.68  104.89
99 -2805   25.78  306.60  104.70
99 -2802   25.79  306.52  104.51
99 -2799   25.80  306.44  104.32
99 -2796   25.82  306.36  104.14
99 -2793   25.83  306.28  103.95
99 -2790   25.84  306.19  103.76
99 -2787   25.85  306.11  103.57
99 -2784   25.87  306.03  103.38
99 -2781   25.88  305.95  103.19
99 -2778   25.89  305.87  103.00
99 -2775   25.91  305.78  102.81
99 -2772   25.92  305.70  102.62
99 -2769   25.93  305.62  102.43
99 -2766   25.94  305.53  102.24
99 -2763   25.96  305.45  102.05
99 -2760   25.97  305.36  101.86
99 -2757   25.98  305.28  101.67
99 -2754   25.99  305.19  101.48
99 -2751   26.01  305.11  101.29
99 -2748   26.02  305.02  101.10
99 -2745   26.03  304.94  100.91
99 -2742   26.04  304.85  100.72
99 -2739   26.06  304.76  100.53
99 -2736   26.07  304.68  100.34
99 -2733   26.08  304.59  100.15
99 -2730   26.09  304.50   99.96
99 -2727   26.10  304.41   99.76
99 -2724   26.12  304.32   99.57
99 -2721   26.13  304.24   99.38
99 -2718   26.14  304.15   99.19
99 -2715   26.15  304.06   99.00
99 -2712   26.17  303.97   98.80
99 -2709   26.18  303.88   98.61
99 -2706   26.19  303.79   98.42
99 -2703   26.20  303.70   98.23
99 -2700   26.21  303.60   98.03
99 -2697   26.23  303.51   97.84
99 -2694   26.24  303.42   97.65
99 -2691   26.25  303.33   97.45
99 -2688   26.26  303.24   97.26
99 -2685   26.27  303.14   97.07
99 -2682   26.29  303.05   96.87
99 -2679   26.30  302.96   96.68
99 -2676   26.31  302.86   96.49
99 -2673   26.32  302.77   96.29
99 -2670   26.33  302.67   96.10
99 -2667   26.34  302.58   95.90
99 -2664   26.36  302.48   95.71
99 -2661   26.37  302.39   95.51
99 -2658   26.38  302.29   95.32
99 -2655   26.39  302.19   95.13
99 -2652   26.40  302.10   94.93
99 -2649   26.42  302.00   94.74
99 -2646   26.43  301.90   94.54
99 -2643   26.44  301.80   94.34
99 -2640   26.45  301.71   94.15
99 -2637   26.46  301.61   93.95
99 -2634   26.47  301.51   93.76
99 -2631   26.48  301.41   93.56
99 -2628   26.50  301.31   93.37
99 -2625   26.51  301.21   93.17
99 -2622   26.52  301.11   92.97
99 -2619   26.53  301.01   92.78
99 -2616   26.54  300.91   92.58
99 -2613   26.55  300.81   92.38
99 -2610   26.56  300.71   92.19
99 -2607   26.58  300.60   91.99
99 -2604   26.59  300.50   91.79
99 -2601   26.60  300.40   91.60
99 -2598   26.61  300.30   91.40
99 -2595   26.62  300.19   91.20
99 -2592   26.63  300.09   91.00
99 -2589   26.64  299.98   90.80
99 -2586   26.65  299.88   90.61
99 -2583   26.67  299.78   90.41
99 -2580   26.68  299.67   90.21
99 -2577   26.69  299.56   90.01
99 -2574   26.70  299.46   89.81
99 -2571   26.71  299.35   89.62
99 -2568   26.72  299.25   89.42
99 -2565   26.73  299.14   89.22
99 -2562   26.74  299.03   89.02
99 -2559   26.75  298.92   88.82
99 -2556   26.76  298.82   88.62
99 -2553   26.78  298.71   88.42
99 -2550   26.79  298.60   88.22
99 -2547   26.80  298.49   88.02
99 -2544   26.81  298.38   87.82
99 -2541   26.82  298.27   87.62
99 -2538   26.83  298.16   87.42
99 -2535   26.84  298.05   87.22
99 -2532   26.85  297.94   87.02
99 -2529   26.86  297.83   86.82
99 -2526   26.87  297.72   86.62
99 -2523   26.88  297.60   86.42
99 -2520   26.89  297.49   86.22
99 -2517   26.90  297.38   86.02
99 -2514   26.91  297.27   85.82
99 -2511   26.92  297.15   85.62
99 -2508   26.94  297.04   85.41
99 -2505   26.95  296.92   85.21
99 -2502   26.96  296.81   85.01
99 -2499   26.97  296.69   84.81
99 -2496   26.98  296.58   84.61
99 -2493   26.99  296.46   84.40
99 -2490   27.00  296.35   84.20
99 -2487   27.01  296.23   84.00
99 -2484   27.02  296.11   83.80
99 -2481   27.03  296.00   83.60
99 -2478   27.04  295.88   83.39
99 -2475   27.05  295.76   83.19
99 -2472   27.06  295.64   82.99
99 -2469   27.07  295.53   82.78
99 -2466   27.08  295.41   82.58
99 -2463   27.09  295.29   82.38
99 -2460   27.10  295.17   82.17
99 -2457   27.11  295.05   81.97
99 -2454   27.12  294.93   81.77
99 -2451   27.13  294.81   81.56
99 -2448   27.14  294.68   81.36
99 -2445   27.15  294.56   81.15
99 -2442   27.16  294.44   80.95
99 -2439   27.17  294.32   80.75
99 -2436   27.18  294.20   80.54
99 -2433   27.19  294.07   80.34
99 -2430   27.20  293.95   80.13
99 -2427   27.21  293.83   79.93
99 -2424   27.22  293.70   79.72
99 -2421   27.23  293.58   79.52
99 -2418   27.24  293.45   79.31
99 -2415   27.25  293.33   79.11
99 -2412   27.26  293.20   78.90
99 -2409   27.26  293.08   78.69
99 -2406   27.27  292.95   78.49
99 -2403   27.28  292.82   78.28
99 -2400   27.29  292.69   78.08
99 -2397   27.30  292.57   77.87
99 -2394   27.31  292.44   77.66
99 -2391   27.32  292.31   77.46
99 -2388   27.33  292.18   77.25
99 -2385   27.34  292.05   77.04
99 -2382   27.35  291.92   76.84
99 -2379   27.36  291.79   76.63
99 -2376   27.37  291.66   76.42
99 -2373   27.38  291.53   76.21
99 -2370   27.39  291.40   76.01
99 -2367   27.40  291.27   75.80
99 -2364   27.40  291.14   75.59
99 -2361   27.41  291.01   75.38
99 -2358   27.42  290.87   75.18
99 -2355   27.43  290.74   74.97
99 -2352   27.44  290.61   74.76
99 -2349   27.45  290.47   74.55
99 -2346   27.46  290.34   74.34
99 -2343   27.47  290.20   74.14
99 -2340   27.48  290.07   73.93
99 -2337   27.48  289.93   73.72
99 -2334   27.49  289.80   73.51
99 -2331   27.50  289.66   73.30
99 -2328   27.51  289.53   73.09
99 -2325   27.52  289.39   72.88
99 -2322   27.53  289.25   72.67
99 -2319   27.54  289.11   72.46
99 -2316   27.55  288.97   72.25
99 -2313   27.55  288.84   72.04
99 -2310   27.56  288.70   71.83
99 -2307   27.57  288.56   71.62
99 -2304   27.58  288.42   71.41
99 -2301   27.59  288.28   71.20
99 -2298   27.60  288.14   70.99
99 -2295   27.60  288.00   70.78
99 -2292   27.61  287.86   70.57
99 -2289   27.62  287.71   70.36
99 -2286   27.63  287.57   70.15
99 -2283   27.64  287.43   69.94
99 -2280   27.65  287.29   69.73
99 -2277   27.65  287.14   69.52
99 -2274   27.66  287.00   69.30
99 -2271   27.67  286.85   69.09
99 -2268   27.68  286.71   68.88
99 -2265   27.69  286.57   68.67
99 -2262   27.69  286.42   68.46
99 -2259   27.70  286.27   68.25
99 -2256   27.71  286.13   68.03
99 -2253   27.72  285.98   67.82
99 -2250   27.73  285.83   67.61
99 -2247   27.73  285.69   67.40
99 -2244   27.74  285.54   67.19
99 -2241   27.75  285.39   66.97
99 -2238   27.76  285.24   66.76
99 -2235   27.76  285.09   66.55
99 -2232   27.77  284.94   66.33
99 -2229   27.78  284.79   66.12
99 -2226   27.79  284.64   65.91
99 -2223   27.79  284.49   65.69
99 -2220   27.80  284.34   65.48
99 -2217   27.81  284.19   65.27
99 -2214   27.82  284.04   65.05
99 -2211   27.82  283.88   64.84
99 -2208   27.83  283.73   64.63
99 -2205   27.84  283.58   64.41
99 -2202   27.85  283.43   64.20
99 -2199   27.85  283.27   63.98
99 -2196   27.86  283.12   63.77
99 -2193   27.87  282.96   63.55
99 -2190   27.87  282.81   63.34
99 -2187   27.88  282.65   63.13
99 -2184   27.89  282.49   62.91
99 -2181   27.90  282.34   62.70
99 -2178   27.90  282.18   62.48
99 -2175   27.91  282.02   62.27
99 -2172   27.92  281.86   62.05
99 -2169   27.92  281.71   61.83
99 -2166   27.93  281.55   61.62
99 -2163   27.94  281.39   61.40
99 -2160   27.94  281.23   61.19
99 -2157   27.95  281.07   60.97
99 -2154   27.96  280.91   60.76
99 -2151   27.96  280.75   60.54
99 -2148   27.97  280.58   60.32
99 -2145   27.98  280.42   60.11
99 -2142   27.98  280.26   59.89
99 -2139   27.99  280.10   59.68
99 -2136   28.00  279.93   59.46
99 -2133   28.00  279.77   59.24
99 -2130   28.01  279.61   59.03
99 -2127   28.02  279.44   58.81
99 -2124   28.02  279.28   58.59
99 -2121   28.03  279.11   58.37
99 -2118   28.03  278.94   58.16
99 -2115   28.04  278.78   57.94
99 -2112   28.05  278.61   57.72
99 -2109   28.05  278.44   57.51
99 -2106   28.06  278.28   57.29
99 -2103   28.06  278.11   57.07
99 -2100   28.07  277.94   56.85
99 -2097   28.08  277.77   56.63
99 -2094   28.08  277.60   56.42
99 -2091   28.09  277.43   56.20
99 -2088   28.09  277.26   55.98
99 -2085   28.10  277.09   55.76
99 -2082   28.11  276.92   55.54
99 -2079   28.11  276.75   55.33
99 -2076   28.12  276.57   55.11
99 -2073   28.12  276.40   54.89
99 -2070   28.13  276.23   54.67
99 -2067   28.13  276.05   54.45
99 -2064   28.14  275.88   54.23
99 -2061   28.14  275.71   54.01
99 -2058   28.15  275.53   53.79
99 -2055   28.15  275.36   53.57
99 -2052   28.16  275.18   53.36
99 -2049   28.17  275.00   53.14
99 -2046   28.17  274.83   52.92
99 -2043   28.18  274.65   52.70
99 -2040   28.18  274.47   52.48
99 -2037   28.19  274.29   52.26
99 -2034   28.19  274.11   52.04
99 -2031   28.20  273.94   51.82
99 -2028   28.20  273.76   51.60
99 -2025   28.21  273.58   51.38
99 -2022   28.21  273.39   51.16
99 -2019   28.21  273.21   50.94
99 -2016   28.22  273.03   50.72
99 -2013   28.22  272.85   50.50
99 -2010   28.23  272.67   50.28
99 -2007   28.23  272.48   50.05
99 -2004   28.24  272.30   49.83
99 -2001   28.24  272.12   49.61
99 -1998   28.25  271.93   49.39
99 -1995   28.25  271.75   49.17
99 -1992   28.26  271.56   48.95
99 -1989   28.26  271.38   48.73
99 -1986   28.26  271.19   48.51
99 -1983   28.27  271.00   48.29
99 -1980   28.27  270.81   48.06
99 -1977   28.28  270.63   47.84
99 -1974   28.28  270.44   47.62
99 -1971   28.29  270.25   47.40
99 -1968   28.29  270.06   47.18
99 -1965   28.29  269.87   46.96
99 -1962   28.30  269.68   46.73
99 -1959   28.30  269.49   46.51
99 -1956   28.30  269.30   46.29
99 -1953   28.31  269.11   46.07
99 -1950   28.31  268.91   45.85
99 -1947   28.32  268.72   45.62
99 -1944   28.32  268.53   45.40
99 -1941   28.32  268.33   45.18
99 -1938   28.33  268.14   44.96
99 -1935   28.33  267.94   44.73
99 -1932   28.33  267.75   44.51
99 -1929   28.34  267.55   44.29
99 -1926   28.34  267.36   44.07
99 -1923   28.34  267.16   43.84
99 -1920   28.35  266.96   43.62
99 -1917   28.35  266.76   43.40
99 -1914   28.35  266.57   43.17
99 -1911   28.36  266.37   42.95
99 -1908   28.36  266.17   42.73
99 -1905   28.36  265.97   42.50
99 -1902   28.36  265.77   42.28
99 -1899   28.37  265.56   42.06
99 -1896   28.37  265.36   41.83
99 -1893   28.37  265.16   41.61
99 -1890   28.38  264.96   41.39
99 -1887   28.38  264.76   41.16
99 -1884   28.38  264.55   40.94
99 -1881   28.38  264.35   40.72
99 -1878   28.39  264.14   40.49
99 -1875   28.39  263.94   40.27
99 -1872   28.39  263.73   40.04
99 -1869   28.39  263.53   39.82
99 -1866   28.40  263.32   39.60
99 -1863   28.40  263.11   39.37
99 -1860   28.40  262.90   39.15
99 -1857   28.40  262.70   38.92
99 -1854   28.40  262.49   38.70
99 -1851   28.41  262.28   38.47
99 -1848   28.41  262.07   38.25
99 -1845   28.41  261.86   38.02
99 -1842   28.41  261.65   37.80
99 -1839   28.41  261.43   37.57
99 -1836   28.42  261.22   37.35
99 -1833   28.42  261.01   37.13
99 -1830   28.42  260.80   36.90
99 -1827   28.42  260.58   36.68
99 -1824   28.42  260.37   36.45
99 -1821   28.42  260.15   36.23
99 -1818   28.42  259.94   36.00
99 -1815   28.43  259.72   35.78
99 -1812   28.43  259.51   35.55
99 -1809   28.43  259.29   35.32
99 -1806   28.43  259.07   35.10
99 -1803   28.43  258.85   34.87
99 -1800   28.43  258.63   34.65
99 -1797   28.43  258.41   34.42
99 -1794   28.43  258.19   34.20
99 -1791   28.44  257.97   33.97
99 -1788   28.44  257.75   33.75
99 -1785   28.44  257.53   33.52
99 -1782   28.44  257.31   33.30
99 -1779   28.44  257.09   33.07
99 -1776   28.44  256.86   32.84
99 -1773   28.44  256.64   32.62
99 -1770   28.44  256.42   32.39
99 -1767   28.44  256.19   32.17
99 -1764   28.44  255.97   31.94
99 -1761   28.44  255.74   31.71
99 -1758   28.44  255.51   31.49
99 -1755   28.44  255.29   31.26
99 -1752   28.44  255.06   31.04
99 -1749   28.44  254.83   30.81
99 -1746   28.44  254.60   30.58
99 -1743   28.44  254.37   30.36
99 -1740   28.44  254.14   30.13
99 -1737   28.44  253.91   29.90
99 -1734   28.44  253.68   29.68
99 -1731   28.44  253.45   29.45
99 -1728   28.44  253.21   29.22
99 -1725   28.44  252.98   29.00
99 -1722   28.44  252.75   28.77
99 -1719   28.44  252.52   28.54
99 -1716   28.44  252.28   28.32
99 -1713   28.44  252.04   28.09
99 -1710   28.44  251.81   27.86
99 -1707   28.44  251.57   27.64
99 -1704   28.44  251.34   27.41
99 -1701   28.44  251.10   27.18
99 -1698   28.43  250.86   26.96
99 -1695   28.43  250.62   26.73
99 -1692   28.43  250.38   26.50
99 -1689   28.43  250.14   26.28
99 -1686   28.43  249.90   26.05
99 -1683   28.43  249.66   25.82
99 -1680   28.43  249.42   25.59
99 -1677   28.43  249.18   25.37
99 -1674   28.43  248.93   25.14
99 -1671   28.42  248.69   24.91
99 -1668   28.42  248.44   24.69
99 -1665   28.42  248.20   24.46
99 -1662   28.42  247.96   24.23
99 -1659   28.42  247.71   24.00
99 -1656   28.42  247.46   23.78
99 -1653   28.41  247.22   23.55
99 -1650   28.41  246.97   23.32
99 -1647   28.41  246.72   23.09
99 -1644   28.41  246.47   22.87
99 -1641   28.41  246.22   22.64
99 -1638   28.40  245.97   22.41
99 -1635   28.40  245.72   22.19
99 -1632   28.40  245.47   21.96
99 -1629   28.40  245.22   21.73
99 -1626   28.39  244.96   21.50
99 -1623   28.39  244.71   21.27
99 -1620   28.39  244.45   21.05
99 -1617   28.39  244.20   20.82
99 -1614   28.38  243.94   20.59
99 -1611   28.38  243.69   20.36
99 -1608   28.38  243.43   20.14
99 -1605   28.38  243.18   19.91
99 -1602   28.37  242.92   19.68
99 -1599   28.37  242.66   19.45
99 -1596   28.37  242.40   19.23
99 -1593   28.36  242.14   19.00
99 -1590   28.36  241.88   18.77
99 -1587   28.36  241.62   18.54
99 -1584   28.35  241.36   18.31
99 -1581   28.35  241.10   18.09
99 -1578   28.35  240.83   17.86
99 -1575   28.34  240.57   17.63
99 -1572   28.34  240.31   17.40
99 -1569   28.34  240.04   17.18
99 -1566   28.33  239.77   16.95
99 -1563   28.33  239.51   16.72
99 -1560   28.32  239.24   16.49
99 -1557   28.32  238.97   16.26
99 -1554   28.32  238.71   16.04
99 -1551   28.31  238.44   15.81
99 -1548   28.31  238.17   15.58
99 -1545   28.30  237.90   15.35
99 -1542   28.30  237.63   15.13
99 -1539   28.29  237.36   14.90
99 -1536   28.29  237.08   14.67
99 -1533   28.29  236.81   14.44
99 -1530   28.28  236.54   14.21
99 -1527   28.28  236.26   13.99
99 -1524   28.27  235.99   13.76
99 -1521   28.27  235.71   13.53
99 -1518   28.26  235.44   13.30
99 -1515   28.26  235.16   13.07
99 -1512   28.25  234.88   12.85
99 -1509   28.25  234.61   12.62
99 -1506   28.24  234.33   12.39
99 -1503   28.24  234.05   12.16
99 -1500   28.23  233.77   11.93
99 -1497   28.23  233.49   11.71
99 -1494   28.22  233.21   11.48
99 -1491   28.21  232.92   11.25
99 -1488   28.21  232.64   11.02
99 -1485   28.20  232.36   10.79
99 -1482   28.20  232.07   10.57
99 -1479   28.19  231.79   10.34
99 -1476   28.19  231.50   10.11
99 -1473   28.18  231.22    9.88
99 -1470   28.17  230.93    9.66
99 -1467   28.17  230.64    9.43
99 -1464   28.16  230.35    9.20
99 -1461   28.16  230.06    8.97
99 -1458   28.15  229.77    8.75
99 -1455   28.14  229.48    8.52
99 -1452   28.14  229.19    8.29
99 -1449   28.13  228.90    8.06
99 -1446   28.12  228.61    7.83
99 -1443   28.12  228.32    7.61
99 -1440   28.11  228.02    7.38
99 -1437   28.10  227.73    7.15
99 -1434   28.10  227.43    6.92
99 -1431   28.09  227.14    6.70
99 -1428   28.08  226.84    6.47
99 -1425   28.07  226.54    6.24
99 -1422   28.07  226.24    6.01
99 -1419   28.06  225.94    5.79
99 -1416   28.05  225.64    5.56
99 -1413   28.04  225.34    5.33
99 -1410   28.04  225.04    5.10
99 -1407   28.03  224.74    4.88
99 -1404   28.02  224.44    4.65
99 -1401   28.01  224.14    4.42
99 -1398   28.01  223.83    4.19
99 -1395   28.00  223.53    3.97
99 -1392   27.99  223.22    3.74
99 -1389   27.98  222.92    3.51
99 -1386   27.97  222.61    3.29
99 -1383   27.97  222.30    3.06
99 -1380   27.96  221.99    2.83
99 -1377   27.95  221.68    2.60
99 -1374   27.94  221.37    2.38
99 -1371   27.93  221.06    2.15
99 -1368   27.92  220.75    1.92
99 -1365   27.91  220.44    1.70
99 -1362   27.91  220.12    1.47
99 -1359   27.90  219.81    1.24
99 -1356   27.89  219.50    1.02
99 -1353   27.88  219.18    0.79
99 -1350   27.87  218.87    0.56
99 -1347   27.86  218.55    0.34
99 -1344   27.85  218.23    0.11
99 -1341   27.84  217.91   -0.12
99 -1338   27.83  217.59   -0.34
99 -1335   27.82  217.28   -0.57
99 -1332   27.81  216.95   -0.80
99 -1329   27.80  216.63   -1.02
99 -1326   27.79  216.31   -1.25
99 -1323   27.78  215.99   -1.48
99 -1320   27.77  215.67   -1.70
99 -1317   27.76  215.34   -1.93
99 -1314   27.75  215.02   -2.16
99 -1311   27.74  214.69   -2.38
99 -1308   27.73  214.36   -2.61
99 -1305   27.72  214.04   -2.83
99 -1302   27.71  213.71   -3.06
99 -1299   27.70  213.38   -3.29
99 -1296   27.69  213.05   -3.51
99 -1293   27.68  212.72   -3.74
99 -1290   27.67  212.39   -3.96
99 -1287   27.66  212.05   -4.19
99 -1284   27.65  211.72   -4.41
99 -1281   27.63  211.39   -4.64
99 -1278   27.62  211.05   -4.87
99 -1275   27.61  210.72   -5.09
99 -1272   27.60  210.38   -5.32
99 -1269   27.59  210.04   -5.54
99 -1266   27.58  209.71   -5.77
99 -1263   27.57  209.37   -5.99
99 -1260   27.55  209.03   -6.22
99 -1257   27.54  208.69   -6.44
99 -1254   27.53  208.35   -6.67
99 -1251   27.52  208.00   -6.89
99 -1248   27.51  207.66   -7.12
99 -1245   27.49  207.32   -7.34
99 -1242   27.48  206.97   -7.57
99 -1239   27.47  206.63   -7.79
99 -1236   27.46  206.28   -8.02
99 -1233   27.44  205.94   -8.24
99 -1230   27.43  205.59   -8.46
99 -1227   27.42  205.24   -8.69
99 -1224   27.41  204.89   -8.91
99 -1221   27.39  204.54   -9.14
99 -1218   27.38  204.19   -9.36
99 -1215   27.37  203.84   -9.58
99 -1212   27.35  203.48   -9.81
99 -1209   27.34  203.13  -10.03
99 -1206   27.33  202.78  -10.25
99 -1203   27.31  202.42  -10.48
99 -1200   27.30  202.06  -10.70
99 -1197   27.29  201.71  -10.93
99 -1194   27.27  201.35  -11.15
99 -1191   27.26  200.99  -11.37
99 -1188   27.25  200.63  -11.60
99 -1185   27.23  200.27  -11.82
99 -1182   27.22  199.91  -12.04
99 -1179   27.20  199.55  -12.26
99 -1176   27.19  199.18  -12.49
99 -1173   27.17  198.82  -12.71
99 -1170   27.16  198.45  -12.93
99 -1167   27.14  198.09  -13.15
99 -1164   27.13  197.72  -13.38
99 -1161   27.11  197.35  -13.60
99 -1158   27.10  196.99  -13.82
99 -1155   27.08  196.62  -14.04
99 -1152   27.07  196.25  -14.26
99 -1149   27.05  195.88  -14.49
99 -1146   27.04  195.50  -14.71
99 -1143   27.02  195.13  -14.93
99 -1140   27.01  194.76  -15.15
99 -1137   26.99  194.38  -15.37
99 -1134   26.98  194.01  -15.59
99 -1131   26.96  193.63  -15.81
99 -1128   26.94  193.25  -16.03
99 -1125   26.93  192.88  -16.26
99 -1122   26.91  192.50  -16.48
99 -1119   26.90  192.11  -16.70
99 -1116   26.88  191.73  -16.92
99 -1113   26.86  191.35  -17.14
99 -1110   26.85  190.97  -17.36
99 -1107   26.83  190.58  -17.58
99 -1104   26.81  190.20  -17.80
99 -1101   26.80  189.82  -18.02
99 -1098   26.78  189.43  -18.24
99 -1095   26.76  189.04  -18.46
99 -1092   26.74  188.65  -18.68
99 -1089   26.73  188.26  -18.90
99 -1086   26.71  187.87  -19.11
99 -1083   26.69  187.48  -19.33
99 -1080   26.67  187.09  -19.55
99 -1077   26.66  186.70  -19.77
99 -1074   26.64  186.30  -19.99
99 -1071   26.62  185.91  -20.21
99 -1068   26.60  185.51  -20.43
99 -1065   26.58  185.11  -20.64
99 -1062   26.57  184.71  -20.86
99 -1059   26.55  184.31  -21.08
99 -1056   26.53  183.91  -21.30
99 -1053   26.51  183.51  -21.51
99 -1050   26.49  183.11  -21.73
99 -1047   26.47  182.71  -21.95
99 -1044   26.45  182.30  -22.17
99 -1041   26.43  181.90  -22.38
99 -1038   26.42  181.49  -22.60
99 -1035   26.40  181.09  -22.81
99 -1032   26.38  180.68  -23.03
99 -1029   26.36  180.27  -23.25
99 -1026   26.34  179.86  -23.46
99 -1023   26.32  179.45  -23.68
99 -1020   26.30  179.04  -23.89
99 -1017   26.28  178.62  -24.11
99 -1014   26.26  178.21  -24.32
99 -1011   26.24  177.79  -24.54
99 -1008   26.22  177.38  -24.75
99 -1005   26.20  176.96  -24.97
99 -1002   26.18  176.54  -25.18
99  -999   26.15  176.12  -25.40
99  -996   26.13  175.70  -25.61
99  -993   26.11  175.28  -25.83
99  -990   26.09  174.86  -26.04
99  -987   26.07  174.44  -26.25
99  -984   26.05  174.01  -26.47
99  -981   26.03  173.58  -26.68
99  -978   26.01  173.16  -26.89
99  -975   25.98  172.73  -27.10
99  -972   25.96  172.30  -27.32
99  -969   25.94  171.87  -27.53
99  -966   25.92  171.44  -27.74
99  -963   25.90  171.01  -27.95
99  -960   25.87  170.58  -28.16
99  -957   25.85  170.14  -28.37
99  -954   25.83  169.71  -28.59
99  -951   25.80  169.27  -28.80
99  -948   25.78  168.83  -29.01
99  -945   25.76  168.40  -29.22
99  -942   25.74  167.96  -29.43
99  -939   25.71  167.52  -29.64
99  -936   25.69  167.07  -29.85
99  -933   25.66  166.63  -30.06
99  -930   25.64  166.19  -30.26
99  -927   25.62  165.74  -30.47
99  -924   25.59  165.30  -30.68
99  -921   25.57  164.85  -30.89
99  -918   25.54  164.40  -31.10
99  -915   25.52  163.95  -31.31
99  -912   25.50  163.50  -31.51
99  -909   25.47  163.05  -31.72
99  -906   25.45  162.60  -31.93
99  -903   25.42  162.14  -32.13
99  -900   25.40  161.69  -32.34
99  -897   25.37  161.23  -32.55
99  -894   25.34  160.77  -32.75
99  -891   25.32  160.31  -32.96
99  -888   25.29  159.85  -33.16
99  -885   25.27  159.39  -33.37
99  -882   25.24  158.93  -33.57
99  -879   25.21  158.46  -33.78
99  -876   25.19  158.00  -33.98
99  -873   25.16  157.53  -34.19
99  -870   25.13  157.07  -34.39
99  -867   25.11  156.60  -34.59
99  -864   25.08  156.13  -34.80
99  -861   25.05  155.66  -35.00
99  -858   25.03  155.19  -35.20
99  -855   25.00  154.71  -35.40
99  -852   24.97  154.24  -35.60
99  -849   24.94  153.76  -35.80
99  -846   24.91  153.29  -36.01
99  -843   24.89  152.81  -36.21
99  -840   24.86  152.33  -36.41
99  -837   24.83  151.85  -36.61
99  -834   24.80  151.37  -36.81
99  -831   24.77  150.88  -37.00
99  -828   24.74  150.40  -37.20
99  -825   24.71  149.91  -37.40
99  -822   24.68  149.43  -37.60
99  -819   24.65  148.94  -37.80
99  -816   24.62  148.45  -37.99
99  -813   24.59  147.96  -38.19
99  -810   24.56  147.47  -38.39
99  -807   24.53  146.97  -38.58
99  -804   24.50  146.48  -38.78
99  -801   24.47  145.98  -38.98
99  -798   24.44  145.49  -39.17
99  -795   24.41  144.99  -39.37
99  -792   24.38  144.49  -39.56
99  -789   24.35  143.99  -39.75
99  -786   24.32  143.49  -39.95
99  -783   24.28  142.98  -40.14
99  -780   24.25  142.48  -40.33
99  -777   24.22  141.97  -40.52
99  -774   24.19  141.46  -40.71
99  -771   24.16  140.95  -40.91
99  -768   24.12  140.44  -41.10
99  -765   24.09  139.93  -41.29
99  -762   24.06  139.42  -41.48
99  -759   24.02  138.90  -41.67
99  -756   23.99  138.39  -41.85
99  -753   23.95  137.87  -42.04
99  -750   23.92  137.35  -42.23
99  -747   23.89  136.83  -42.42
99  -744   23.85  136.31  -42.60
99  -741   23.82  135.79  -42.79
99  -738   23.78  135.26  -42.98
99  -735   23.75  134.74  -43.16
99  -732   23.71  134.21  -43.35
99  -729   23.67  133.68  -43.53
99  -726   23.64  133.15  -43.72
99  -723   23.60  132.62  -43.90
99  -720   23.57  132.09  -44.08
99  -717   23.53  131.55  -44.26
99  -714   23.49  131.01  -44.44
99  -711   23.46  130.48  -44.63
99  -708   23.42  129.94  -44.81
99  -705   23.38  129.40  -44.99
99  -702   23.34  128.86  -45.17
99  -699   23.30  128.31  -45.34
99  -696   23.27  127.77  -45.52
99  -693   23.23  127.22  -45.70
99  -690   23.19  126.67  -45.88
99  -687   23.15  126.13  -46.05
99  -684   23.11  125.57  -46.23
99  -681   23.07  125.02  -46.40
99  -678   23.03  124.47  -46.58
99  -675   22.99  123.91  -46.75
99  -672   22.95  123.35  -46.92
99  -669   22.91  122.80  -47.10
99  -666   22.87  122.24  -47.27
99  -663   22.83  121.67  -47.44
99  -660   22.78  121.11  -47.61
99  -657   22.74  120.55  -47.78
99  -654   22.70  119.98  -47.95
99  -651   22.66  119.41  -48.12
99  -648   22.61  118.84  -48.28
99  -645   22.57  118.27  -48.45
99  -642   22.53  117.70  -48.62
99  -639   22.48  117.12  -48.78
99  -636   22.44  116.55  -48.95
99  -633   22.40  115.97  -49.11
99  -630   22.35  115.39  -49.27
99  -627   22.31  114.81  -49.44
99  -624   22.26  114.22  -49.60
99  -621   22.21  113.64  -49.76
99  -618   22.17  113.05  -49.92
99  -615   22.12  112.47  -50.08
99  -612   22.08  111.88  -50.23
99  -609   22.03  111.28  -50.39
99  -606   21.98  110.69  -50.55
99  -603   21.93  110.10  -50.70
99  -600   21.89  109.50  -50.86
99  -597   21.84  108.90  -51.01
99  -594   21.79  108.30  -51.17
99  -591   21.74  107.70  -51.32
99  -588   21.69  107.10  -51.47
99  -585   21.64  106.49  -51.62
99  -582   21.59  105.88  -51.77
99  -579   21.54  105.28  -51.92
99  -576   21.49  104.66  -52.06
99  -573   21.44  104.05  -52.21
99  -570   21.39  103.44  -52.36
99  -567   21.33  102.82  -52.50
99  -564   21.28  102.20  -52.64
99  -561   21.23  101.58  -52.79
99  -558   21.17  100.96  -52.93
99  -555   21.12  100.34  -53.07
99  -552   21.07   99.71  -53.21
99  -549   21.01   99.09  -53.34
99  -546   20.96   98.46  -53.48
99  -543   20.90   97.83  -53.62
99  -540   20.85   97.20  -53.75
99  -537   20.79   96.56  -53.89
99  -534   20.73   95.92  -54.02
99  -531   20.68   95.29  -54.15
99  -528   20.62   94.64  -54.28
99  -525   20.56   94.00  -54.41
99  -522   20.50   93.36  -54.54
99  -519   20.44   92.71  -54.66
99  -516   20.39   92.06  -54.79
99  -513   20.33   91.41  -54.91
99  -510   20.27   90.76  -55.03
99  -507   20.20   90.11  -55.16
99  -504   20.14   89.45  -55.27
99  -501   20.08   88.79  -55.39
99  -498   20.02   88.13  -55.51
99  -495   19.96   87.47  -55.63
99  -492   19.89   86.81  -55.74
99  -489   19.83   86.14  -55.85
99  -486   19.77   85.47  -55.97
99  -483   19.70   84.80  -56.08
99  -480   19.64   84.13  -56.18
99  -477   19.57   83.45  -56.29
99  -474   19.50   82.78  -56.40
99  -471   19.44   82.10  -56.50
99  -468   19.37   81.42  -56.60
99  -465   19.30   80.73  -56.70
99  -462   19.23   80.05  -56.80
99  -459   19.17   79.36  -56.90
99  -456   19.10   78.67  -57.00
99  -453   19.03   77.98  -57.09
99  -450   18.95   77.29  -57.18
99  -447   18.88   76.59  -57.28
99  -444   18.81   75.89  -57.37
99  -441   18.74   75.19  -57.45
99  -438   18.67   74.49  -57.54
99  -435   18.59   73.79  -57.62
99  -432   18.52   73.08  -57.70
99  -429   18.44   72.37  -57.78
99  -426   18.37   71.66  -57.86
99  -423   18.29   70.95  -57.94
99  -420   18.22   70.23  -58.01
99  -417   18.14   69.51  -58.08
99  -414   18.06   68.79  -58.16
99  -411   17.98   68.07  -58.22
99  -408   17.90   67.35  -58.29
99  -405   17.82   66.62  -58.35
99  -402   17.74   65.89  -58.41
99  -399   17.66   65.16  -58.48
99  -396   17.58   64.42  -58.53
99  -393   17.50   63.69  -58.59
99  -390   17.42   62.95  -58.64
99  -387   17.33   62.21  -58.69
99  -384   17.25   61.47  -58.74
99  -381   17.16   60.72  -58.78
99  -378   17.08   59.98  -58.83
99  -375   16.99   59.23  -58.87
99  -372   16.90   58.47  -58.91
99  -369   16.82   57.72  -58.94
99  -366   16.73   56.97  -58.98
99  -363   16.64   56.21  -59.01
99  -360   16.55   55.45  -59.04
99  -357   16.46   54.68  -59.06
99  -354   16.37   53.92  -59.08
99  -351   16.28   53.15  -59.10
99  -348   16.18   52.38  -59.12
99  -345   16.09   51.61  -59.13
99  -342   15.99   50.83  -59.14
99  -339   15.90   50.06  -59.15
99  -336   15.80   49.28  -59.16
99  -333   15.71   48.49  -59.16
99  -330   15.61   47.71  -59.16
99  -327   15.51   46.93  -59.15
99  -324   15.41   46.14  -59.15
99  -321   15.31   45.35  -59.14
99  -318   15.21   44.55  -59.12
99  -315   15.11   43.76  -59.10
99  -312   15.01   42.96  -59.08
99  -309   14.91   42.16  -59.06
99  -306   14.80   41.36  -59.03
99  -303   14.70   40.56  -59.00
99  -300   14.59   39.75  -58.96
99  -297   14.49   38.95  -58.93
99  -294   14.38   38.14  -58.88
99  -291   14.27   37.32  -58.84
99  -288   14.17   36.51  -58.79
99  -285   14.06   35.69  -58.73
99  -282   13.95   34.88  -58.67
99  -279   13.84   34.05  -58.61
99  -276   13.72   33.23  -58.54
99  -273   13.61   32.41  -58.48
99  -270   13.50   31.58  -58.40
99  -267   13.38   30.75  -58.32
99  -264   13.27   29.92  -58.24
99  -261   13.15   29.09  -58.15
99  -258   13.04   28.26  -58.06
99  -255   12.92   27.42  -57.96
99  -252   12.80   26.59  -57.85
99  -249   12.68   25.75  -57.75
99  -246   12.56   24.91  -57.63
99  -243   12.44   24.06  -57.52
99  -240   12.32   23.22  -57.40
99  -237   12.19   22.37  -57.27
99  -234   12.07   21.53  -57.14
99  -231   11.94   20.68  -57.00
99  -228   11.82   19.83  -56.86
99  -225   11.69   18.98  -56.71
99  -222   11.56   18.13  -56.56
99  -219   11.43   17.27  -56.40
99  -216   11.30   16.42  -56.23
99  -213   11.17   15.56  -56.07
99  -210   11.04   14.71  -55.89
99  -207   10.91   13.85  -55.71
99  -204   10.78   12.99  -55.52
99  -201   10.64   12.13  -55.33
99  -198   10.50   11.27  -55.13
99  -195   10.37   10.41  -54.93
99  -192   10.23    9.55  -54.71
99  -189   10.09    8.69  -54.49
99  -186    9.95    7.82  -54.27
99  -183    9.81    6.96  -54.04
99  -180    9.67    6.10  -53.81
99  -177    9.53    5.23  -53.56
99  -174    9.38    4.37  -53.31
99  -171    9.24    3.51  -53.05
99  -168    9.09    2.65  -52.79
99  -165    8.95    1.78  -52.52
99  -162    8.80    0.92  -52.24
99  -159    8.65    0.06  -51.96
99  -156    8.50   -0.80  -51.67
99  -153    8.35   -1.66  -51.37
99  -150    8.20   -2.52  -51.07
99  -147    8.04   -3.38  -50.75
99  -144    7.89   -4.24  -50.43
99  -141    7.73   -5.09  -50.11
99  -138    7.58   -5.95  -49.77
99  -135    7.42   -6.80  -49.43
99  -132    7.26   -7.65  -49.09
99  -129    7.10   -8.50  -48.73
99  -126    6.94   -9.35  -48.37
99  -123    6.78  -10.19  -48.00
99  -120    6.62  -11.03  -47.62
99  -117    6.45  -11.88  -47.24
99  -114    6.29  -12.71  -46.85
99  -111    6.12  -13.55  -46.45
99  -108    5.96  -14.38  -46.05
99  -105    5.79  -15.21  -45.63
99  -102    5.62  -16.04  -45.22
99   -99    5.45  -16.86  -44.78
99   -96    5.28  -17.68  -44.35
99   -93    5.11  -18.50  -43.91
99   -90    4.94  -19.31  -43.46
99   -87    4.76  -20.12  -43.01
99   -84    4.59  -20.92  -42.54
99   -81    4.41  -21.72  -42.07
99   -78    4.24  -22.52  -41.60
99   -75    4.06  -23.31  -41.11
99   -72    3.88  -24.10  -40.62
99   -69    3.71  -24.88  -40.13
99   -66    3.53  -25.65  -39.62
99   -63    3.35  -26.43  -39.12
99   -60    3.17  -27.19  -38.60
99   -57    2.99  -27.95  -38.07
99   -54    2.80  -28.71  -37.55
99   -51    2.62  -29.46  -37.01
99   -48    2.44  -30.21  -36.47
99   -45    2.25  -30.95  -35.93
99   -42    2.07  -31.68  -35.37
99   -39    1.88  -32.41  -34.82
99   -36    1.70  -33.13  -34.25
99   -33    1.51  -33.85  -33.68
99   -30    1.32  -34.56  -33.11
99   -27    1.14  -35.26  -32.53
99   -24    0.95  -35.96  -31.95
99   -21    0.76  -36.65  -31.36
99   -18    0.57  -37.33  -30.77
99   -15    0.38  -38.02  -30.17
99   -12    0.19  -38.68  -29.57
99    -9    0.00  -39.35  -28.96
99    -6   -0.19  -40.01  -28.35
99    -3   -0.38  -40.66  -27.74
99     0   -0.57  -41.31  -27.12
